[0.5653211622367569, -0.17666265473175502, 0.9767799921856477, 0.07397330308193803, 0.7554897824587008, 1.0339751755946593, 0.39378943704330216, -0.1783134216771647, -0.6376480200721502, 0.3227430127228483, 0.3035993047135408, -0.7862684729686932, -0.5790349916945083, 0.20666643669255697, 0.3085196898226362, 0.3673688869828306, -0.7745204637663123, -0.7070225556825538, -0.48188836921874484, 0.12197402672750565, 0.7223267332926145, -0.6420196902797785, 0.5090089984405197, -0.21619843785404982, 0.8944691437897991, 0.7484247914509998, -0.49878866169532654, -0.6328420237751693, 0.4543664649015622, -0.9798006110140671, 0.2672817692868861, -0.5197834435466275]
-1.0
[-0.025770517012911887, -1.3199883068130314, 0.06513867362867509, 0.05148458061151756, -1.0274068392565534, -1.7688964959962012, 0.028410084502369037, 0.26131692791716765, 0.09025807611913073, 1.1932444734892613, -0.6612056808620513, -0.5818871943413182, -1.0434661694578353, 0.5872576883100471, -0.35404692050230335, -0.03896841048957733, 0.03290814491049909, -1.0905889049924884, -0.1007385038345931, 0.1394626907253904, -0.09666671119653203, 0.9806634231194782, -1.878632268122506, 1.0865001425679008, -0.7888544074081052, 0.37475577588864, -0.4389508876005769, 1.386485694416713, 1.3340873301546605, 0.14636749779845773, 0.5247488886771485, -0.664604067270328]
-1.0
[0.8373731161536944, -1.270233438874253, 0.06515624547495283, 1.312251589057238, 0.09825456654241049, -0.4111497621771283, -0.11295221000120458, -0.8357876930932638, -1.3670165279531739, -1.0950888462704302, -0.22093818122925285, -0.8908676320660889, -0.104087781937084, 1.6530391220800311, -1.086451389590316, -1.6189293594185212, 1.3168666991383902, -0.9628954951978117, -0.8062871266504255, 0.17750996138857147, -0.694735664228371, 0.8649417074201188, 0.4186141828064995, -1.5872316088575387, -0.8339619506469471, -0.8912314062213555, 0.38295652684271553, -0.5112322748315478, 0.16840446053741015, 0.03309207004588832, 1.657116851219639, 0.5152713424449599]
-1.0
[0.5326621596569818, 0.9247730961467701, -0.2562650968196164, -0.017233603556185556, -0.5370729018212808, 0.9499144698160404, -0.34554201422575276, -0.18709184464390832, -0.05667746506159531, -0.2759326998419938, 0.005106851910224752, 0.8511458016857685, -0.4619343252352678, -0.7002486448163318, -0.8813355885007816, 0.10423398667083404, -0.744959768325604, 0.6412200385504433, -0.20172205409063632, 0.08319607525298484, 0.6169763805818447, 0.6658622110663187, -0.3174019595588664, 0.4172038220489849, 0.4647711183858245, 0.7616131224595393, 0.4736110222282186, 0.4024691478866626, -1.1697253123534463, -0.23753928261543486, 0.5416581502457786, 0.46036875185551573]
-1.0
[-0.8166089010852873, -1.238956007546987, -1.0221337755157758, -0.14166779176948507, 0.5445106920754764, 0.4968736931936556, -0.43628889836503226, 1.130620697697903, -0.8087565195809763, -0.30789954579995094, -0.6393714866289513, 0.8247194350065478, 0.6791943316587966, -0.39599951858765037, -0.5901195835250677, -0.7165661486022309, 0.5828213280869691, -1.2113086592172424, -0.9943950955316531, -0.2758997769308111, -1.6848716940020543, -0.33293245207477695, -0.13725988414375878, -0.2818644145915435, -0.732216748557717, -1.139256240495703, 0.06069989641488849, 0.8123648598310699, -0.17561585122094792, -1.1512391310139072, 0.9832930747849637, 1.1052155194929316]
-1.0
[1.0428719549797782, -0.5201687582059515, 1.7968496734741057, 0.43731804508836775, -1.224954101488964, 1.964123589101974, 0.13464402844579698, 0.2863954694013442, 0.017281254865235324, 2.091605354352621, -1.2167425498240934, 0.27301691556407315, -1.2001641125172633, 0.11343234405219926, -0.6966358654803092, 1.059037305175688, 0.36234912316143003, -0.17313250876185726, 0.0681321271260745, -1.2888281640250523, -1.3636508724457004, 1.1085646851901858, 1.8410171092507888, -0.7343985663202333, -0.14212473299650707, 1.8054746713428216, 2.590468735674077, 0.6146992215077262, -0.6024329614784593, -0.3650985061002635, -0.26566580148186786, 2.053881011837542]
-1.0
[-0.8346827526889453, -0.12987944763266288, -0.7697480886118209, 1.0143262226915064, 0.6121746773092959, -0.3626561080271574, -0.518858734103165, 0.6150353048277001, 0.5577445194935595, 0.36303412282146474, -0.23422128792826255, 0.6208277375297359, 0.4387606588281688, -1.3360313055895128, 0.5058682963679562, -0.8359620443050966, 0.722584943150763, -0.2088270089242798, -0.4297602740332483, 0.8100606511860831, 0.7220180083286284, 0.3533877140804241, -0.7894599571692253, 0.657668401109056, 0.9840658069841614, 0.5186160912147492, 0.5558629989414453, 1.0288940233872284, 0.1821498492793179, -0.5265549766409072, 0.023346755981460188, -0.771715181710254]
-1.0
[0.6569360570982218, -0.414317885224756, 0.928512387239558, 0.08520045528791292, -0.13951273518910512, 0.020885739863013952, -0.20439351671816866, 0.9171224606349802, 0.28582220554491083, 0.7510472208326191, 0.806583285405706, 0.7156007534556972, -0.38619182495483945, -0.2561322703276825, -0.6899926756012656, -1.1402964439278167, 1.0817262563538976, 0.3865001138958429, -0.7903908889335447, -0.32799063086965885, 0.41788324739553095, 0.789089962586648, 1.0441533765631237, -0.22196240859042482, 0.6418712424963064, -0.7985708604753287, -0.43688200474798267, -0.34184603216946097, -0.7450473460469433, -0.4782400188858517, 0.4788194966223988, 0.07960433473285333]
-1.0
[0.0169178686126763, 1.4500669697459652, -6.496435632740553, 2.3278280870092534, 4.419927874284799, 7.820277477610031, 0.045877542498651724, 3.5822670582765195, -1.5220734470050266, -1.6610335210843397, 1.4714993722813188, 0.42690931230007956, -5.813574587284988, 1.1545492193958349, 0.8925545902184127, 1.3916167893642948, -3.538173025585335, 2.6767559007494617, -1.4426513379300796, 1.1629748272051037, 6.330387259984559, 1.018117273735435, -1.8226241124629856, 1.3198317227879302, -0.8136615782692569, -0.6359119679233851, -0.11300620028096164, 1.6695099160000382, 0.015220325825357955, -5.355027117137013, -4.857684418599096, -7.002708493900398]
-1.0
[0.728264903793046, -0.26747398818200213, 0.7262315697377573, 0.7847889569382571, -0.5054592321367342, 0.5109200878233445, 1.4421172390182917, 0.3428295038254959, -0.057161038965762224, -0.4091810850100886, 0.6452105487956321, -0.6063266386327316, 0.4573665132139656, 0.018816962079042904, -0.27472251589763913, -0.2255067396492687, -0.10676852814793007, 0.2948882198420956, -0.5102925250143207, -0.3225457533300251, 0.8528293895071916, -0.10516733704431569, 0.5510261767329933, 0.811255024521787, -0.26976385255082236, 0.9154813174216413, 0.9257578845773786, -0.31518733873913063, 0.2572223139001236, 0.2315203106810973, 0.6693022419023215, -0.5891012906900492]
-1.0
[0.051141273498729656, 1.5361610344910397, 0.9604919094452675, 0.048529054187005594, 0.5923816472758665, 0.12308513387420694, 0.5402599172964097, -1.4721356208046907, -1.1678052346300398, 1.296979707214942, -0.022532389616997873, -0.3694416776719515, -1.2616051995305106, -1.649925908667008, -1.4179156741128462, 0.8441023283950511, -0.045699835936292676, -0.8484676735786478, 0.6283425230507209, 0.25975239228929886, -0.7576770972817208, -1.091651160165928, -1.8589170679673577, 0.07667842194648089, -1.2706260809572871, 0.8475328983591288, 1.131909101099775, 1.140547836203561, 1.0466839072017833, 0.7945687415601682, 0.43205276140315274, -0.7746209589034915]
-1.0
[0.48335372078877337, -1.6512157575177144, 0.8471611700524011, 0.9976995374902694, 0.25394942658665554, 0.008787643722897878, -0.21127359820891167, -0.1350795379147488, 0.5779540839131937, -0.8059846367189302, 1.4222803079364086, -0.9421251829724108, 0.7967190276975635, 0.13717027876775592, 0.10441302083489135, 0.19970666164671547, -0.112692019132216, 0.49532070948527734, -0.5358838112256776, 1.6552786106707444, 0.5702093349166144, -0.9401122337420846, -1.0587587709193509, -0.7781535860616524, 0.2045059030798147, 1.000444046361532, -1.1838812409652855, 0.17115668999778427, 0.8636517744679605, -0.010576820146726451, 2.244539692678609, -0.3528005434314764]
-1.0
[0.3921407855999748, 0.27896096943324455, 1.1940699990613304, 1.6161098629998374, -0.943166293086636, 2.5295693740901726, -0.848996131255297, 1.5991484423320794, 0.7253412869473986, 0.7419872003476551, -0.5190348324361793, 1.0695563586400347, 0.40909270161157885, -0.0836964609227826, -1.358311487648861, 0.5012380996771318, 0.3651989774606496, -0.4714027764948985, -1.2163595347627072, -0.0038943480178749296, -1.437698793263052, -0.6773076364478626, 0.5055488803232157, -0.6084651340694519, -0.3463175335424952, -0.7430151565880733, -0.36017532258293444, 0.5599551624206974, 1.4781135894287503, -1.2230835672879539, 0.03554067765452057, -0.23154156864341247]
-1.0
[0.21166816774641406, -0.7148753829539141, -2.0121703565245497, -1.0171664488601961, 1.5514482580376359, -1.1329796221039405, 3.2793862172123647, 4.765469839068047, -2.2317189058355322, -1.9288126268156738, -5.053292515658412, -4.308979041908492, -3.005507749971959, -2.532718625611551, 0.9702773085484164, -3.216975657583911, -0.21833637119172705, 4.6153925216307545, 1.3290059138812904, 1.2408710993850547, -0.9843549595705687, 0.5391119841310041, 0.5436486108674106, 0.08842154630414534, 3.9201169543537224, 4.034244075421951, -0.8527180167704608, 0.4151446865925535, 4.455204886294798, -3.0339450253798828, 4.054540204776226, -3.69316871434361]
-1.0
[0.7521598773367326, -0.6548263218988675, -0.3305920227631799, -0.1656884773853795, 0.5886708107890917, 0.06841308010715993, -0.563742859820759, -0.23521436132237905, 0.21955735144590977, 0.10583695666008067, 0.6408178526608697, -0.6776033722861505, -0.32991285390769676, 0.42007980952343693, -0.7559659598067582, -0.12453465496620596, 0.35520247478731487, 0.01831217012535402, -0.7877123548183631, 0.49032983473401115, 0.8546475388811856, 0.3265762354234827, -1.0150728836392375, -1.2837860618968113, -0.05158126472551212, 0.48027339485378384, -0.791311942159024, -0.045909165587941045, 0.6321048494307009, 0.7806482427530835, 0.10357081845301142, -0.7737054763014791]
-1.0
[0.30724850371813694, -0.7087046984709567, 1.3168336688756146, 2.596316325951114, 0.5491111483607801, 0.5345903999459563, 0.008906600173174128, 0.17243471370897318, 1.5320584182104415, 1.1164091133202372, -0.7412862861958847, -0.4176603226540776, 0.15435445509448564, 0.09582410918613327, -0.6561945302944415, 0.9995257770289498, 1.4366262988043172, -1.214495353782483, 0.48034341206302167, -1.1314232207402593, 0.10026895719939576, 0.28902054825329715, 0.14754363659361075, -0.6330083251989165, 1.1813352970269553, 0.5854201054624274, -0.8453149126077772, -0.002621482898150229, -0.4233194210546216, -0.4076338635242563, -1.5910960647428314, -0.37029026182560526]
-1.0
[-2.0800260467616605, -0.5775107193833212, -0.7889915458715632, -0.45584170736331925, 2.4472941472159224, 2.9148951672901946, 0.3745434459858622, -0.14800950061846463, -0.6240594310510174, -1.3946492149709098, -2.2850244714721915, -0.009108568810144897, -2.2275382305646874, 1.9633611766315493, 4.288569135138532, 1.560339988980113, -0.9849250634356682, -1.967511221735423, 0.08881707409703199, 0.7699037858304172, -1.0905626029452034, -0.98539152563738, 0.7168473564519695, -0.7923124220690828, -1.0117634278291794, 1.3359376068033648, -2.2437872094732034, -1.1863997370838106, -1.3079113852644393, -0.291367287111304, -3.4160172349217754, 0.8051105513215706]
-1.0
[0.0841278872972393, 0.6875794790448281, -0.3557085657820018, -0.5638251347185793, 0.4383505292040484, -0.5065442101429545, -0.22662495589219556, -0.26674633509882595, -0.7067097665488475, -0.5587238410266671, -0.5685210820446134, 0.31711509765386503, -0.5368728135723397, 0.5723218609082982, 0.9938426060118064, -0.13191794169814675, 0.20575746900759673, -0.7327687392893796, -0.43741308717299293, -0.03636517186824404, 0.1720861302214575, 0.13206956522346608, -0.6569673891913652, 0.8352621338924594, -0.20864872466048193, 0.521702548803529, -0.19178377240369932, 0.43883338907687286, -0.7377101954717284, -0.770708434364098, -0.6412922114677595, -1.18828857927121]
-1.0
[-0.2607475935510838, 0.23800961676532004, 0.3870068233398289, -0.07135194826909061, -0.17188072468706816, -0.059288903007576305, -1.2046353455915368, 0.7383437678332572, 0.38148399012583145, -0.8870731318148575, 0.40340260082092905, 0.34014224085948364, 0.21409712830126504, 0.43153535685038036, -0.22097576439221012, -0.8793471137989849, 0.9375728992829144, 0.593125244810136, -0.3460574135049203, 0.3990922867995096, 0.4797471514723883, 0.2059278997272303, -0.6447059969808882, 0.5559442961459324, -0.13158072917581598, -0.3963105346686773, -0.04983179943265955, -0.6930530705121838, -0.3733868753821543, -0.172344950753991, 0.9334368512696769, -1.3349160921969867]
-1.0
[-0.5370142118588748, 0.4223360704145459, -0.35970685966766935, -0.11481882034738039, -0.34500173187923433, -0.5108477316853062, 0.7608910592112426, 0.22273269691828332, 0.05595374735895037, 0.5429941305510507, 0.1778036356618653, -0.7978914295466502, -0.1633405885317522, 0.0193629622442536, -0.504779136639889, -1.014667587166967, -0.6353856032979137, -0.6791690338613421, 0.05718344517120556, 0.6506993159847546, -0.28292390362609093, -0.8398414724004122, -0.4574337104809213, 0.2555344238914455, -0.6950883230492739, 0.4224473562373299, -0.845440623731289, -0.11016075526731399, 0.5545462747682781, -0.5227889440149612, -0.19638259407228192, 0.09286754339006797]
-1.0
[-0.61703108895813, -0.020109338800195192, 0.27274459605468354, -0.8833779672664742, -0.7662427324000362, 0.9850794228329414, 0.5282290705275816, 0.8206077926187425, 0.14901566774301653, -0.2727731254230926, 0.3735614197289649, -0.4807302595071391, -0.02097363959592087, -0.3104215599241413, -0.7308110041529104, -1.073387994993182, -0.2630375384708452, 1.040802785450461, 0.1341941290080825, 0.370745361531285, -0.36173231835489134, 0.9056208296157715, 0.21971624849044974, -0.9522710120960972, -0.36421231319725395, -0.5563557734321541, 0.40377650088955797, -0.7454228665973972, -0.6457368257336136, -0.3905193772713462, 0.5924717405316373, 0.4669898520335729]
-1.0
[-0.6787548523773458, -1.0004598602381747, -0.03678340744732186, -0.5158021212993603, -0.2095078979239383, 0.37302267173565273, -0.0016599723425361618, 0.7846358940289835, 0.9750597313189636, 1.17313787721473, 0.03668152446565002, -0.730985895099573, -0.5653022474533956, -0.6349372634396996, -0.25745510657585413, 0.03044874223635527, 0.8628092636273239, -0.4222364106311946, -0.992850484426501, -0.118403351221508, 0.3305351977807035, -0.636571715512527, -0.614969601854982, 0.23357104234435846, 0.02031608302829522, -0.6064947525587377, 0.08179906662884387, -0.03960071148511893, 0.0011388633386996971, 0.3038551108521402, 0.360905481541402, -0.19770889073228048]
-1.0
[-0.2164252937253516, -0.8177532289403433, -0.5374594289464977, 0.7456297872603546, 0.22505345467283894, 0.51456419713444, 0.793024824107425, -0.03524460478670338, -0.014522713971446888, 0.2072220232128834, 0.7732608958453038, -1.0092627022487786, -0.5002541801900846, -0.6024345434224627, 0.3012464615523924, 1.2201223191351693, 1.2308408421168446, -0.3693971646179757, 1.0274480067911498, 0.5491721388537774, 0.5896777477562332, -0.45642435691070227, -0.6224439556207179, -0.9378687462285733, -0.7295793745750115, 0.30076857250242084, -0.49978146441793203, 0.8811830845937554, 0.6405825315055009, 0.41947237200697995, -0.45927031859387635, -1.0438263948114246]
-1.0
[-0.4875961063123756, -0.20171590991399757, -0.7841133060417143, -0.18529624456853666, -0.2547783453804286, 1.3507687418157488, 0.08953473955534919, 0.8394959879482976, 1.5667056875371155, 0.26918032282945537, -0.21890760573497145, -0.08993401118421995, 1.6257168708209904, 0.683635071458455, -0.034945248888425845, -0.641201415278661, 0.6393462889566373, 2.7436270393258453, -1.9140410067888263, 0.43136612955716136, -0.06631135451009329, -1.0996216703271275, 0.49049897667921283, -1.396331420119354, -0.5620112844317214, 0.8929355218818773, -2.1960241039543855, -2.7359162052876886, -0.17398087445441218, 0.7279273571013904, 0.3049362999414832, 1.4786333515315877]
-0.08600646257400513
[-0.151475396962375, 0.24427421311666198, 0.7102902896406716, -2.658707166815197, 2.995551813605413, 3.2125155433212167, -2.3905822037786613, -2.567334077444863, -1.3491382881698317, 1.6015289970880424, -1.5279775006874603, -2.532825134408571, -1.0257661167678724, -3.27965916988828, 4.2043176682421946, 1.7473160437763382, 2.3280011586390446, 3.7600716974449853, 0.26275925744105444, 3.3205071232994365, 1.056352580245762, 1.970274750154073, -2.5236300948683104, 0.06683048740115616, -1.7756187325728592, 0.6425169832147906, -5.545935539256133, 1.3986373909960705, -0.575539541540429, -4.105371269230906, -1.011293252463417, 4.900960877415383]
-1.0
[-0.41598675970004106, -0.4069762705978473, 0.017689803623267608, -0.7639241551070406, -0.8602949836800564, -0.7643345671393155, 0.47014322929331687, -0.21773676276407097, 0.14876512565527827, -1.5983052305711078, 1.043721230543451, 0.5308867171039752, -0.8076339766232082, -1.052644354295105, -0.2560532955625753, 0.20450420128396524, 0.6839328232370578, 0.6930942868625618, -0.3794773891607722, 0.22605197246534797, -0.48017671006137774, 0.0980765817489001, -1.3000615034204506, 0.8683914662249117, 0.7090260660012323, 1.2374758875172103, -0.9186720945800841, -0.43654747822597517, -1.1430864269499297, -0.9583400487370971, -1.1354759978478264, 0.5743596782233389]
-1.0
[-0.28404989477884535, -3.083966069622945, -4.634166695509048, -0.37368297383131144, 0.715464018042721, -0.34543192029709874, 3.729002888345642, -2.95296662852419, 3.335448167384992, 2.5139613979756175, -2.4714568173800058, -0.916761529049051, 1.4553297673822239, -0.29769376931530833, 1.349849908125744, -0.11664746345360531, -0.07919795449991796, -1.2002452566895148, -0.2077658671039564, -0.2359815355811289, -0.8866913244065459, -4.88571164099581, -1.2038204662466483, -0.19773851875063286, -2.9285177156942894, -1.5589039058263854, 0.32530614486440046, -2.277346984654791, -0.60264292816625, -2.555598300593736, 1.9828850853617515, -0.4391625028877303]
-1.0
[0.13425573924095158, -1.4583822906837045, 0.8088082395785439, -1.3869941836329844, 2.3868769238711764, 2.527430918055167, 3.059058877523918, 0.29859505287149557, 1.6764547242911603, 0.3710963247914951, -0.44885810714517915, 0.41841515032134663, 0.014606061346063903, 0.32949039373082667, 2.7844465287551943, 1.4708780272192281, 1.5455878115258028, -0.039290607464663174, -2.053171876228161, 0.20188994774318703, 1.373854193196099, 1.5550867989767756, 0.6633773069150918, 1.053091801584455, -1.6810103725616081, -0.8591916275546572, 2.5108839229103666, 0.13885206404054817, 0.8226352444616862, -2.4566018412784025, -3.5122844616168383, -2.421697823407804]
-1.0
[1.6756195053669658, 1.5670767794462988, 0.7031863838485409, -2.1126758334851767, 0.4466853205802738, 1.7960174110277125, -0.06125454657896401, -3.3462196906019317, -2.9759847092712968, 0.992460330092103, -0.9240545215933991, -1.915492175258563, -0.5422489270874613, -0.13133199812266544, -0.2791229684032558, -0.7883769683654225, 0.11690076225147172, 2.105837237144558, 0.4647083616663913, 0.6309298544872324, -1.118587271239545, 0.672909132508047, 0.4463783837514373, -0.44001388537145253, -1.4095740098858318, -0.4170125315491463, 1.4109568685649903, 0.8989839449743474, 0.5451396341548223, 0.7733686735047558, -2.2871481585926032, 0.16453263650117145]
-1.0
[0.9466121252963455, 0.8612749055169082, 0.6908462007111842, 0.35389665118148267, -0.5460505499454512, 0.9052720778213832, -0.6679662425117513, 0.5786738217429861, -0.3641498924883607, -0.5311948664568641, -0.24816373742353556, 0.047763885231193286, -0.04460228125269722, -0.08915672986160207, 0.8665227944061259, 0.3499230801490532, 0.6681790970209037, 0.09710532771778305, 0.4271012072587642, 1.1068637640288652, -0.4252873631161082, -0.9589431250452971, 0.8718895219373134, 0.5375767926313373, -0.9566348556866512, 0.14889614497685882, 0.17596128987942372, 0.7399207359125405, -0.29550679917851796, -0.21583176144161909, -0.5707187970287245, 0.5154242444498198]
-1.0
[-0.917670939531363, -0.24395430864458822, -0.6288686811906963, -0.7332651667947404, -0.07816020259918781, 0.12144788433540905, 0.5346161040806436, 0.3866120464443791, -0.6764865021257005, 0.010989293437468739, -1.2030089495160396, 0.3869744531530717, 0.7495369585285343, 0.9484576805436375, -0.07925344201098691, -0.1509788749675578, 0.5788111339675812, -0.9055279402518924, -0.18363524093950842, -0.7317878644755567, -0.4459057784219491, 0.1654538215426029, -0.32872139159743863, -0.723324108485803, 0.3605037655922375, 0.45989965409376127, -0.4408223871038737, -0.9983738147145239, -0.7857167921550529, -0.03390721590236978, -0.9172699182190256, -1.4335916288223984]
0.0
[0.43127158991266773, 0.014261096295123187, -0.5971742270704017, 0.15422375581451975, -0.07774648061110567, 0.6466139530678737, 0.5118222729570937, 0.048124093129243026, -0.5538180009372443, 0.8850033138866178, 0.8858773079243449, -0.8393274578591017, -0.0586037153174546, -0.4459772091773493, -0.6654266178379165, 0.4434139758572094, -6.697970063252734E-4, -0.6581569311556997, -1.0175065105578922, 0.7367595417057241, 0.7928987314346782, -0.5164098116005646, -0.6834884892330475, 0.02982257376336106, 0.7707993827465407, -0.030761220783623172, 1.2055491773324487, 0.06789158510596387, 0.7593471372497462, -0.30006302448127, 0.20554146480629695, 0.2925861993752822]
-1.0
[-0.5657681733306781, 0.016538845657040696, -0.00215704627287977, 0.8427319528287553, 1.127422848980072, 0.8919795593927, 1.1185288872789556, 0.6775385529007021, -0.08624335395549221, -0.4988147267920906, -0.30577334187114924, 0.9938006726504605, -0.4898693488600103, -1.1085852652203776, 0.2980287754210187, -0.28957001031557206, -0.3746233037957818, -0.029881775754287354, -0.2083248210745311, 0.4557075435516334, -0.14348553339238523, -0.6812115399052274, -0.06422154808375391, 0.5522017536535508, 0.8236226612025963, -0.42472750317811286, 0.6584555827527399, -0.5292033161475233, 0.2489105720439743, -0.19471230036594234, 0.07148549605492072, -0.4101779855402509]
-1.0
[0.8744213182491226, 0.5034747888706516, -0.9666564413842975, -0.9798309050683304, 0.3080635777243772, 0.42974527930203865, 0.8578162942268593, -0.7044674100973349, 0.0684534626272637, 0.056348586564198264, 0.4717218960738496, -0.4321898416875579, 0.33243054341719214, -0.14152631438207394, 0.03011713612362018, -0.4720808471077399, -0.7155040640220287, -0.8912215689476359, -0.07725509444964743, 0.5572106839728701, 1.0650559598964795, 0.36817171542167665, -0.5545292647429112, 0.8791638344494409, 0.2512213544912445, -0.09103320993632609, -0.20387426427591415, 0.8679672951860204, 0.4979365185268674, 0.9774457802430185, -0.3350874787786208, -0.9112556772235959]
-1.0
[0.3788619452816418, 1.138283285652059, -0.20160664646297705, 0.6728624581150289, 0.897714407270012, 0.390334164925382, 0.753610170216801, 1.100750509959894, -0.6726950376096947, 0.01633194390431253, -1.2381630325675943, 0.7440476969394302, 0.8953088557147941, 0.31560912534336116, 0.02150206613276978, -0.22209722545428842, 0.6707623036776738, -0.3533786634981638, 0.17094555625073626, 0.6094930788086804, -0.643318224113827, -1.0465016897981907, -0.789865432247183, -0.14416359900048933, -0.5405668655406305, -0.01747314451227852, 0.12973316872144056, 0.19415948093090246, 0.4746866864580549, 0.605146140897975, 0.1454750618210078, 0.7276618540231765]
-1.0
[0.35843597596665633, -0.6298539773886336, 0.44557934505165026, 0.9759097814729097, 0.7312033486010873, 0.07577750340960322, 0.4140331299025813, -0.13989924847628468, -0.3462076840385371, 0.7354459857393729, 0.6988991781287621, 0.6770956621174312, -0.26039759585533895, -0.11564085279845379, -0.9885929999067326, -0.5640241211611738, -0.696199182059713, -0.2182538160610385, -0.08525270082398108, 0.1689674624605795, -0.937702431376333, -0.5759086800447737, -0.5698685628962478, 0.02995168742044227, 0.21643832936911794, 0.47874432267103023, 0.8434478952109008, -0.30479643362548864, 0.45062256448224475, 0.5319041731604106, 0.31746084362897514, -0.15035449774601303]
-1.0
[1.7324517064051823, -0.4803532859425251, 0.3353853081841336, 0.16737861585786168, -1.2378457717183315, 0.7721887644878958, 2.0114964931417525, 1.1713009249089543, -2.1039512464203103, -0.5533483177574738, -1.2159850935956855, -0.5075122102057137, -1.7209498019158045, 0.9580961476199443, 1.1604460459789185, 0.2811788344427695, -0.4616305101795443, -1.0831052480288657, 0.8940340781651382, 1.3110897155780044, 0.823593260601735, -0.6677560056398533, -1.5956673602225444, 0.1185175684005807, -1.4328353443829913, -0.958939024596718, -1.0426658853071658, -0.5395885329659759, 0.9467062842401306, -0.07638738535999054, -3.0601677906651314, -0.8515967847026091]
-1.0
