[-2.0800260467616605, -0.5775107193833212, -0.7889915458715632, -0.45584170736331925, 2.4472941472159224, 2.9148951672901946, 0.3745434459858622, -0.14800950061846463, -0.6240594310510174, -1.3946492149709098, -2.2850244714721915, -0.009108568810144897, -2.2275382305646874, 1.9633611766315493, 4.288569135138532, 1.560339988980113, -0.9849250634356682, -1.967511221735423, 0.08881707409703199, 0.7699037858304172, -1.0905626029452034, -0.98539152563738, 0.7168473564519695, -0.7923124220690828, -1.0117634278291794, 1.3359376068033648, -2.2437872094732034, -1.1863997370838106, -1.3079113852644393, -0.291367287111304, -3.4160172349217754, 0.8051105513215706]
-1.0
[0.0841278872972393, 0.6875794790448281, -0.3557085657820018, -0.5638251347185793, 0.4383505292040484, -0.5065442101429545, -0.22662495589219556, -0.26674633509882595, -0.7067097665488475, -0.5587238410266671, -0.5685210820446134, 0.31711509765386503, -0.5368728135723397, 0.5723218609082982, 0.9938426060118064, -0.13191794169814675, 0.20575746900759673, -0.7327687392893796, -0.43741308717299293, -0.03636517186824404, 0.1720861302214575, 0.13206956522346608, -0.6569673891913652, 0.8352621338924594, -0.20864872466048193, 0.521702548803529, -0.19178377240369932, 0.43883338907687286, -0.7377101954717284, -0.770708434364098, -0.6412922114677595, -1.18828857927121]
-1.0
[-0.2607475935510838, 0.23800961676532004, 0.3870068233398289, -0.07135194826909061, -0.17188072468706816, -0.059288903007576305, -1.2046353455915368, 0.7383437678332572, 0.38148399012583145, -0.8870731318148575, 0.40340260082092905, 0.34014224085948364, 0.21409712830126504, 0.43153535685038036, -0.22097576439221012, -0.8793471137989849, 0.9375728992829144, 0.593125244810136, -0.3460574135049203, 0.3990922867995096, 0.4797471514723883, 0.2059278997272303, -0.6447059969808882, 0.5559442961459324, -0.13158072917581598, -0.3963105346686773, -0.04983179943265955, -0.6930530705121838, -0.3733868753821543, -0.172344950753991, 0.9334368512696769, -1.3349160921969867]
-1.0
[-0.5370142118588748, 0.4223360704145459, -0.35970685966766935, -0.11481882034738039, -0.34500173187923433, -0.5108477316853062, 0.7608910592112426, 0.22273269691828332, 0.05595374735895037, 0.5429941305510507, 0.1778036356618653, -0.7978914295466502, -0.1633405885317522, 0.0193629622442536, -0.504779136639889, -1.014667587166967, -0.6353856032979137, -0.6791690338613421, 0.05718344517120556, 0.6506993159847546, -0.28292390362609093, -0.8398414724004122, -0.4574337104809213, 0.2555344238914455, -0.6950883230492739, 0.4224473562373299, -0.845440623731289, -0.11016075526731399, 0.5545462747682781, -0.5227889440149612, -0.19638259407228192, 0.09286754339006797]
-1.0
[-0.61703108895813, -0.020109338800195192, 0.27274459605468354, -0.8833779672664742, -0.7662427324000362, 0.9850794228329414, 0.5282290705275816, 0.8206077926187425, 0.14901566774301653, -0.2727731254230926, 0.3735614197289649, -0.4807302595071391, -0.02097363959592087, -0.3104215599241413, -0.7308110041529104, -1.073387994993182, -0.2630375384708452, 1.040802785450461, 0.1341941290080825, 0.370745361531285, -0.36173231835489134, 0.9056208296157715, 0.21971624849044974, -0.9522710120960972, -0.36421231319725395, -0.5563557734321541, 0.40377650088955797, -0.7454228665973972, -0.6457368257336136, -0.3905193772713462, 0.5924717405316373, 0.4669898520335729]
-1.0
[-0.6787548523773458, -1.0004598602381747, -0.03678340744732186, -0.5158021212993603, -0.2095078979239383, 0.37302267173565273, -0.0016599723425361618, 0.7846358940289835, 0.9750597313189636, 1.17313787721473, 0.03668152446565002, -0.730985895099573, -0.5653022474533956, -0.6349372634396996, -0.25745510657585413, 0.03044874223635527, 0.8628092636273239, -0.4222364106311946, -0.992850484426501, -0.118403351221508, 0.3305351977807035, -0.636571715512527, -0.614969601854982, 0.23357104234435846, 0.02031608302829522, -0.6064947525587377, 0.08179906662884387, -0.03960071148511893, 0.0011388633386996971, 0.3038551108521402, 0.360905481541402, -0.19770889073228048]
-1.0
[-0.2164252937253516, -0.8177532289403433, -0.5374594289464977, 0.7456297872603546, 0.22505345467283894, 0.51456419713444, 0.793024824107425, -0.03524460478670338, -0.014522713971446888, 0.2072220232128834, 0.7732608958453038, -1.0092627022487786, -0.5002541801900846, -0.6024345434224627, 0.3012464615523924, 1.2201223191351693, 1.2308408421168446, -0.3693971646179757, 1.0274480067911498, 0.5491721388537774, 0.5896777477562332, -0.45642435691070227, -0.6224439556207179, -0.9378687462285733, -0.7295793745750115, 0.30076857250242084, -0.49978146441793203, 0.8811830845937554, 0.6405825315055009, 0.41947237200697995, -0.45927031859387635, -1.0438263948114246]
-1.0
[-0.4875961063123756, -0.20171590991399757, -0.7841133060417143, -0.18529624456853666, -0.2547783453804286, 1.3507687418157488, 0.08953473955534919, 0.8394959879482976, 1.5667056875371155, 0.26918032282945537, -0.21890760573497145, -0.08993401118421995, 1.6257168708209904, 0.683635071458455, -0.034945248888425845, -0.641201415278661, 0.6393462889566373, 2.7436270393258453, -1.9140410067888263, 0.43136612955716136, -0.06631135451009329, -1.0996216703271275, 0.49049897667921283, -1.396331420119354, -0.5620112844317214, 0.8929355218818773, -2.1960241039543855, -2.7359162052876886, -0.17398087445441218, 0.7279273571013904, 0.3049362999414832, 1.4786333515315877]
-0.08600646257400513
[-0.151475396962375, 0.24427421311666198, 0.7102902896406716, -2.658707166815197, 2.995551813605413, 3.2125155433212167, -2.3905822037786613, -2.567334077444863, -1.3491382881698317, 1.6015289970880424, -1.5279775006874603, -2.532825134408571, -1.0257661167678724, -3.27965916988828, 4.2043176682421946, 1.7473160437763382, 2.3280011586390446, 3.7600716974449853, 0.26275925744105444, 3.3205071232994365, 1.056352580245762, 1.970274750154073, -2.5236300948683104, 0.06683048740115616, -1.7756187325728592, 0.6425169832147906, -5.545935539256133, 1.3986373909960705, -0.575539541540429, -4.105371269230906, -1.011293252463417, 4.900960877415383]
-1.0
[-0.41598675970004106, -0.4069762705978473, 0.017689803623267608, -0.7639241551070406, -0.8602949836800564, -0.7643345671393155, 0.47014322929331687, -0.21773676276407097, 0.14876512565527827, -1.5983052305711078, 1.043721230543451, 0.5308867171039752, -0.8076339766232082, -1.052644354295105, -0.2560532955625753, 0.20450420128396524, 0.6839328232370578, 0.6930942868625618, -0.3794773891607722, 0.22605197246534797, -0.48017671006137774, 0.0980765817489001, -1.3000615034204506, 0.8683914662249117, 0.7090260660012323, 1.2374758875172103, -0.9186720945800841, -0.43654747822597517, -1.1430864269499297, -0.9583400487370971, -1.1354759978478264, 0.5743596782233389]
-1.0
[-0.28404989477884535, -3.083966069622945, -4.634166695509048, -0.37368297383131144, 0.715464018042721, -0.34543192029709874, 3.729002888345642, -2.95296662852419, 3.335448167384992, 2.5139613979756175, -2.4714568173800058, -0.916761529049051, 1.4553297673822239, -0.29769376931530833, 1.349849908125744, -0.11664746345360531, -0.07919795449991796, -1.2002452566895148, -0.2077658671039564, -0.2359815355811289, -0.8866913244065459, -4.88571164099581, -1.2038204662466483, -0.19773851875063286, -2.9285177156942894, -1.5589039058263854, 0.32530614486440046, -2.277346984654791, -0.60264292816625, -2.555598300593736, 1.9828850853617515, -0.4391625028877303]
-1.0
[0.13425573924095158, -1.4583822906837045, 0.8088082395785439, -1.3869941836329844, 2.3868769238711764, 2.527430918055167, 3.059058877523918, 0.29859505287149557, 1.6764547242911603, 0.3710963247914951, -0.44885810714517915, 0.41841515032134663, 0.014606061346063903, 0.32949039373082667, 2.7844465287551943, 1.4708780272192281, 1.5455878115258028, -0.039290607464663174, -2.053171876228161, 0.20188994774318703, 1.373854193196099, 1.5550867989767756, 0.6633773069150918, 1.053091801584455, -1.6810103725616081, -0.8591916275546572, 2.5108839229103666, 0.13885206404054817, 0.8226352444616862, -2.4566018412784025, -3.5122844616168383, -2.421697823407804]
-1.0
[1.6756195053669658, 1.5670767794462988, 0.7031863838485409, -2.1126758334851767, 0.4466853205802738, 1.7960174110277125, -0.06125454657896401, -3.3462196906019317, -2.9759847092712968, 0.992460330092103, -0.9240545215933991, -1.915492175258563, -0.5422489270874613, -0.13133199812266544, -0.2791229684032558, -0.7883769683654225, 0.11690076225147172, 2.105837237144558, 0.4647083616663913, 0.6309298544872324, -1.118587271239545, 0.672909132508047, 0.4463783837514373, -0.44001388537145253, -1.4095740098858318, -0.4170125315491463, 1.4109568685649903, 0.8989839449743474, 0.5451396341548223, 0.7733686735047558, -2.2871481585926032, 0.16453263650117145]
-1.0
[0.9466121252963455, 0.8612749055169082, 0.6908462007111842, 0.35389665118148267, -0.5460505499454512, 0.9052720778213832, -0.6679662425117513, 0.5786738217429861, -0.3641498924883607, -0.5311948664568641, -0.24816373742353556, 0.047763885231193286, -0.04460228125269722, -0.08915672986160207, 0.8665227944061259, 0.3499230801490532, 0.6681790970209037, 0.09710532771778305, 0.4271012072587642, 1.1068637640288652, -0.4252873631161082, -0.9589431250452971, 0.8718895219373134, 0.5375767926313373, -0.9566348556866512, 0.14889614497685882, 0.17596128987942372, 0.7399207359125405, -0.29550679917851796, -0.21583176144161909, -0.5707187970287245, 0.5154242444498198]
-1.0
[-0.917670939531363, -0.24395430864458822, -0.6288686811906963, -0.7332651667947404, -0.07816020259918781, 0.12144788433540905, 0.5346161040806436, 0.3866120464443791, -0.6764865021257005, 0.010989293437468739, -1.2030089495160396, 0.3869744531530717, 0.7495369585285343, 0.9484576805436375, -0.07925344201098691, -0.1509788749675578, 0.5788111339675812, -0.9055279402518924, -0.18363524093950842, -0.7317878644755567, -0.4459057784219491, 0.1654538215426029, -0.32872139159743863, -0.723324108485803, 0.3605037655922375, 0.45989965409376127, -0.4408223871038737, -0.9983738147145239, -0.7857167921550529, -0.03390721590236978, -0.9172699182190256, -1.4335916288223984]
0.0
[0.43127158991266773, 0.014261096295123187, -0.5971742270704017, 0.15422375581451975, -0.07774648061110567, 0.6466139530678737, 0.5118222729570937, 0.048124093129243026, -0.5538180009372443, 0.8850033138866178, 0.8858773079243449, -0.8393274578591017, -0.0586037153174546, -0.4459772091773493, -0.6654266178379165, 0.4434139758572094, -6.697970063252734E-4, -0.6581569311556997, -1.0175065105578922, 0.7367595417057241, 0.7928987314346782, -0.5164098116005646, -0.6834884892330475, 0.02982257376336106, 0.7707993827465407, -0.030761220783623172, 1.2055491773324487, 0.06789158510596387, 0.7593471372497462, -0.30006302448127, 0.20554146480629695, 0.2925861993752822]
-1.0
[-0.5657681733306781, 0.016538845657040696, -0.00215704627287977, 0.8427319528287553, 1.127422848980072, 0.8919795593927, 1.1185288872789556, 0.6775385529007021, -0.08624335395549221, -0.4988147267920906, -0.30577334187114924, 0.9938006726504605, -0.4898693488600103, -1.1085852652203776, 0.2980287754210187, -0.28957001031557206, -0.3746233037957818, -0.029881775754287354, -0.2083248210745311, 0.4557075435516334, -0.14348553339238523, -0.6812115399052274, -0.06422154808375391, 0.5522017536535508, 0.8236226612025963, -0.42472750317811286, 0.6584555827527399, -0.5292033161475233, 0.2489105720439743, -0.19471230036594234, 0.07148549605492072, -0.4101779855402509]
-1.0
[0.8744213182491226, 0.5034747888706516, -0.9666564413842975, -0.9798309050683304, 0.3080635777243772, 0.42974527930203865, 0.8578162942268593, -0.7044674100973349, 0.0684534626272637, 0.056348586564198264, 0.4717218960738496, -0.4321898416875579, 0.33243054341719214, -0.14152631438207394, 0.03011713612362018, -0.4720808471077399, -0.7155040640220287, -0.8912215689476359, -0.07725509444964743, 0.5572106839728701, 1.0650559598964795, 0.36817171542167665, -0.5545292647429112, 0.8791638344494409, 0.2512213544912445, -0.09103320993632609, -0.20387426427591415, 0.8679672951860204, 0.4979365185268674, 0.9774457802430185, -0.3350874787786208, -0.9112556772235959]
-1.0
[0.3788619452816418, 1.138283285652059, -0.20160664646297705, 0.6728624581150289, 0.897714407270012, 0.390334164925382, 0.753610170216801, 1.100750509959894, -0.6726950376096947, 0.01633194390431253, -1.2381630325675943, 0.7440476969394302, 0.8953088557147941, 0.31560912534336116, 0.02150206613276978, -0.22209722545428842, 0.6707623036776738, -0.3533786634981638, 0.17094555625073626, 0.6094930788086804, -0.643318224113827, -1.0465016897981907, -0.789865432247183, -0.14416359900048933, -0.5405668655406305, -0.01747314451227852, 0.12973316872144056, 0.19415948093090246, 0.4746866864580549, 0.605146140897975, 0.1454750618210078, 0.7276618540231765]
-1.0
[0.35843597596665633, -0.6298539773886336, 0.44557934505165026, 0.9759097814729097, 0.7312033486010873, 0.07577750340960322, 0.4140331299025813, -0.13989924847628468, -0.3462076840385371, 0.7354459857393729, 0.6988991781287621, 0.6770956621174312, -0.26039759585533895, -0.11564085279845379, -0.9885929999067326, -0.5640241211611738, -0.696199182059713, -0.2182538160610385, -0.08525270082398108, 0.1689674624605795, -0.937702431376333, -0.5759086800447737, -0.5698685628962478, 0.02995168742044227, 0.21643832936911794, 0.47874432267103023, 0.8434478952109008, -0.30479643362548864, 0.45062256448224475, 0.5319041731604106, 0.31746084362897514, -0.15035449774601303]
-1.0

